((("true" .
   [1 0 0 0])
  ("npm" .
   [2 0 0])
  ("files" .
   [1 0 0 0 0])
  ("copy" .
   [1 0 0 0])
  ("lib" .
   [1 0 0])
  ("out" .
   [1 0 0])
  ("test" .
   [4 0 0 0])
  ("src" .
   [2 0 0])
  ("be" .
   [2 0])
  ("to" .
   [2 0])
  ("expect" .
   [3 0 0 0 0 0])
  ("it" .
   [2 0])
  ("describe" .
   [0 0 0 1 0 1 0 0])
  ("node" .
   [1 0 0 0])
  ("env" .
   [1 0 0])
  ("babel" .
   [5 0 0 0 0])
  ("preset" .
   [0 0 0 2 0 0])
  ("invoke" .
   [4 0 0 1 0 0])
  ("isolate" .
   [0 0 0 1 0 0 0])
  ("args" .
   [1 0 0 0])
  ("callWith" .
   [2 0 0 0 0 0 0 0])
  ("combine" .
   [0 0 0 0 1 0 0])
  ("domSource" .
   [1 0 0 0 0 0 0 1 0])
  ("action$" .
   [0 0 0 0 0 0 1])
  ("view" .
   [1 0 0 0])
  ("model" .
   [1 0 1 0 0])
  ("intent" .
   [2 0 0 0 0 0])
  ("state$" .
   [0 0 0 0 0 1])
  ("main" .
   [1 0 0 0])
  ("dom" .
   [1 0 0])
  ("debug" .
   [1 0 0 0 0])
  ("obj" .
   [4 0 0])
  ("objs" .
   [1 0 0 0])
  ("sources" .
   [6 0 0 0 0 0 0])
  ("DOM" .
   [6 0 0])
  ("source$" .
   [0 0 0 3 0 0 0])
  ("log" .
   [5 0 0])
  ("console" .
   [4 0 0 1 0 0 0])
  ("makeDOMDriver" .
   [0 0 0 0 1 0 0 1 0 0 0 0 0])
  ("run" .
   [5 0 0])
  ("from" .
   [8 0 0 0])
  ("span" .
   [4 0 0 0])
  ("function" .
   [0 0 2 1 0 0 0 0])
  ("tagName" .
   [0 0 0 3 0 0 0])
  ("makeDomDriver" .
   [0 0 0 1 1 0 0 0 0 0 0 0 0])
  ("appSelector" .
   [0 0 0 0 0 0 0 0 1 0 0])
  ("parent" .
   [0 0 0 1 0 0])
  ("children" .
   [0 0 3 2 1 0 1 0])
  ("append" .
   [0 0 0 1 0 0])
  ("h1" .
   [4 0])
  ("xs" .
   [9 0])
  ("div" .
   [2 0 0])
  ("input" .
   [1 0 0 0 0])
  ("select" .
   [4 0 0 0 0 0])
  ("events" .
   [2 0 0 0 0 1])
  ("const" .
   [14 0 1 0 0])
  ("inputEv$" .
   [0 0 0 1 0 0 0 0])
  ("map" .
   [4 0 0])
  ("name$" .
   [1 0 0 0 0])
  ("startWith" .
   [0 0 1 0 0 1 0 0 1])
  ("user$" .
   [1 0 0 0 0])
  ("attrs" .
   [1 0 0 0 0])
  ("h" .
   [1])
  ("button" .
   [0 0 0 1 0 0])
  ("h4" .
   [1 0])
  ("click$" .
   [0 0 0 0 0 1])
  ("vdom$" .
   [1 0 1 1 1])
  ("request$" .
   [0 0 0 0 0 0 0 1])
  ("HTTP" .
   [1 1 0 0])
  ("makeHTTPDriver" .
   [0 0 0 0 0 1 0 0 0 0 0 0 0 0])
  ("flatten" .
   [1 0 0 0 0 0 0])
  ("url" .
   [1 0 0])
  ("response$" .
   [0 0 0 1 0 0 0 0 0])
  ("res" .
   [1 0 0])
  ("http" .
   [3 0 0 0])
  ("table" .
   [0 0 0 1 0])
  ("keys" .
   [1 0 0 0])
  ("CycleRun" .
   [0 0 0 0 0 1 0 0])
  ("CycleDOM" .
   [0 0 1 0 0 0 0 0])
  ("CycleHTTP" .
   [0 0 2 0 0 0 0 0 0])))
